{"nbformat":4,"nbformat_minor":0,"metadata":{"colab":{"provenance":[],"authorship_tag":"ABX9TyMz0K8PXSTF4PcUiBEzbqkJ"},"kernelspec":{"name":"python3","display_name":"Python 3"},"language_info":{"name":"python"}},"cells":[{"cell_type":"code","execution_count":2,"metadata":{"id":"QQEc5vtWp5wM","executionInfo":{"status":"ok","timestamp":1762266794753,"user_tz":-480,"elapsed":5,"user":{"displayName":"NUR ALYA NATASYA MOHAMAD JAFFRY","userId":"02429966414406110717"}}},"outputs":[],"source":["import numpy as np"]},{"cell_type":"markdown","source":["1. Create a numpy array of size 2 x 2"],"metadata":{"id":"XhbEIsdODsRE"}},{"cell_type":"code","source":["a=np.array([[2,2],[3,3]])\n","print(a)"],"metadata":{"colab":{"base_uri":"https://localhost:8080/"},"id":"IiQdzWL5qFM7","executionInfo":{"status":"ok","timestamp":1762266796699,"user_tz":-480,"elapsed":13,"user":{"displayName":"NUR ALYA NATASYA MOHAMAD JAFFRY","userId":"02429966414406110717"}},"outputId":"7f9bee01-56c1-4f92-d9a4-871e7074aee1"},"execution_count":3,"outputs":[{"output_type":"stream","name":"stdout","text":["[[1 2]\n"," [3 4]]\n","[[2 2]\n"," [3 3]]\n"]}]},{"cell_type":"markdown","source":["2. Create a random numpy array of size 3 x 4"],"metadata":{"id":"65lgif09Dz9B"}},{"cell_type":"code","source":["b=np.random.rand(3,4)\n","print(b)"],"metadata":{"colab":{"base_uri":"https://localhost:8080/"},"id":"ORB_JVhuq6l6","executionInfo":{"status":"ok","timestamp":1762045069537,"user_tz":-480,"elapsed":53,"user":{"displayName":"NUR ALYA NATASYA MOHAMAD JAFFRY","userId":"02429966414406110717"}},"outputId":"ed92f0da-0086-4429-f1d4-fb6eecd20077"},"execution_count":null,"outputs":[{"output_type":"stream","name":"stdout","text":["[[0.98520471 0.5732727  0.81175364 0.05385603]\n"," [0.02522851 0.80008391 0.1636756  0.18043337]\n"," [0.74286024 0.68956538 0.59970669 0.74279067]]\n"]}]},{"cell_type":"markdown","source":["3. Create a numpy array of ones and a numpy array of zeroes"],"metadata":{"id":"bB4ddC2iD8xw"}},{"cell_type":"code","source":["c=np.ones((2,2))\n","d=np.zeros((2,2))\n","\n","print(\"This is C\")\n","print(c)\n","print(\"This is D\")\n","print(d)"],"metadata":{"colab":{"base_uri":"https://localhost:8080/"},"id":"I7ADtdm6rEZe","executionInfo":{"status":"ok","timestamp":1762045069574,"user_tz":-480,"elapsed":39,"user":{"displayName":"NUR ALYA NATASYA MOHAMAD JAFFRY","userId":"02429966414406110717"}},"outputId":"1686472f-b637-406d-b241-983fd748c525"},"execution_count":null,"outputs":[{"output_type":"stream","name":"stdout","text":["This is C\n","[[1. 1.]\n"," [1. 1.]]\n","This is D\n","[[0. 0.]\n"," [0. 0.]]\n"]}]},{"cell_type":"markdown","source":["4. Create a random numpy array of size 6x3 and transpose it"],"metadata":{"id":"1zCp30B5ENCq"}},{"cell_type":"code","source":["e=np.random.rand(6,3)\n","print(e)\n","\n","print(\"After transpose\")\n","print(e.T)"],"metadata":{"colab":{"base_uri":"https://localhost:8080/"},"id":"HKdyJQLYrIll","executionInfo":{"status":"ok","timestamp":1762045069637,"user_tz":-480,"elapsed":59,"user":{"displayName":"NUR ALYA NATASYA MOHAMAD JAFFRY","userId":"02429966414406110717"}},"outputId":"21f7fd84-66b9-4704-d55c-95da13721276"},"execution_count":null,"outputs":[{"output_type":"stream","name":"stdout","text":["[[0.17320918 0.7377369  0.95446616]\n"," [0.70130086 0.82945591 0.65041163]\n"," [0.01339554 0.73648143 0.15518542]\n"," [0.23107918 0.04154923 0.72504523]\n"," [0.1421227  0.15130996 0.17020669]\n"," [0.07663378 0.27255866 0.90679667]]\n","After transpose\n","[[0.17320918 0.70130086 0.01339554 0.23107918 0.1421227  0.07663378]\n"," [0.7377369  0.82945591 0.73648143 0.04154923 0.15130996 0.27255866]\n"," [0.95446616 0.65041163 0.15518542 0.72504523 0.17020669 0.90679667]]\n"]}]},{"cell_type":"markdown","source":["5. Create two random numpy array of size n x p and p x m and then compute the dot product"],"metadata":{"id":"GtfTBapnEWpC"}},{"cell_type":"code","source":["f=np.random.rand(3,2)\n","g=np.random.rand(2,1)\n","\n","print(\"This is F\")\n","print(f)\n","print(\"This is G\")\n","print(g)\n","\n","print(\"Dot product\")\n","print(np.dot(f,g))"],"metadata":{"colab":{"base_uri":"https://localhost:8080/"},"id":"lnKb-Rf-rNyj","executionInfo":{"status":"ok","timestamp":1762045069646,"user_tz":-480,"elapsed":7,"user":{"displayName":"NUR ALYA NATASYA MOHAMAD JAFFRY","userId":"02429966414406110717"}},"outputId":"21c9347a-e321-4b02-b43c-019714a67167"},"execution_count":null,"outputs":[{"output_type":"stream","name":"stdout","text":["This is F\n","[[0.63694541 0.66227906]\n"," [0.74470997 0.93115838]\n"," [0.5530565  0.65526986]]\n","This is G\n","[[0.91321001]\n"," [0.49293517]]\n","Dot product\n","[[0.90812557]\n"," [1.13907732]\n"," [0.8280623 ]]\n"]}]}]}