{"nbformat":4,"nbformat_minor":0,"metadata":{"colab":{"provenance":[],"authorship_tag":"ABX9TyNyuBiVYPUYx3ScHtJnWgAm"},"kernelspec":{"name":"python3","display_name":"Python 3"},"language_info":{"name":"python"}},"cells":[{"cell_type":"code","execution_count":1,"metadata":{"id":"QQEc5vtWp5wM","executionInfo":{"status":"ok","timestamp":1762004594805,"user_tz":-480,"elapsed":10,"user":{"displayName":"NUR ALYA NATASYA MOHAMAD JAFFRY","userId":"02429966414406110717"}}},"outputs":[],"source":["import numpy as np"]},{"cell_type":"code","source":["#Create a numpy array of size 2 x 2\n","a=np.array([[2,2],[3,3]])\n","print(a)"],"metadata":{"colab":{"base_uri":"https://localhost:8080/"},"id":"IiQdzWL5qFM7","executionInfo":{"status":"ok","timestamp":1762004787724,"user_tz":-480,"elapsed":8,"user":{"displayName":"NUR ALYA NATASYA MOHAMAD JAFFRY","userId":"02429966414406110717"}},"outputId":"33a1bcd6-24c1-4a58-b1cb-b96a5cf0da8a"},"execution_count":8,"outputs":[{"output_type":"stream","name":"stdout","text":["[[2 2]\n"," [3 3]]\n"]}]},{"cell_type":"code","source":["#Create a random numpy array of size 3 x 4\n","b=np.random.rand(3,4)\n","print(b)"],"metadata":{"colab":{"base_uri":"https://localhost:8080/"},"id":"ORB_JVhuq6l6","executionInfo":{"status":"ok","timestamp":1762004946228,"user_tz":-480,"elapsed":26,"user":{"displayName":"NUR ALYA NATASYA MOHAMAD JAFFRY","userId":"02429966414406110717"}},"outputId":"3a552387-ef85-45cd-af62-8f47f20595f9"},"execution_count":9,"outputs":[{"output_type":"stream","name":"stdout","text":["[[0.25180849 0.63154409 0.59019235 0.19914606]\n"," [0.01086341 0.48856022 0.63169059 0.16637382]\n"," [0.64113582 0.44799866 0.8505156  0.90347013]]\n"]}]},{"cell_type":"code","source":["#Create a numpy array of ones and a numpy array of zeroes\n","c=np.ones((2,2))\n","d=np.zeros((2,2))\n","\n","print(\"This is C\")\n","print(c)\n","print(\"This is D\")\n","print(d)"],"metadata":{"colab":{"base_uri":"https://localhost:8080/"},"id":"I7ADtdm6rEZe","executionInfo":{"status":"ok","timestamp":1762005184987,"user_tz":-480,"elapsed":15,"user":{"displayName":"NUR ALYA NATASYA MOHAMAD JAFFRY","userId":"02429966414406110717"}},"outputId":"ed314a25-558b-4ce0-dc0d-8f8409312a8d"},"execution_count":21,"outputs":[{"output_type":"stream","name":"stdout","text":["This is C\n","[[1. 1.]\n"," [1. 1.]]\n","This is D\n","[[0. 0.]\n"," [0. 0.]]\n"]}]},{"cell_type":"code","source":["#Create a random numpy array of size 6x3 and transpose it\n","e=np.random.rand(6,3)\n","print(e)\n","\n","print(\"After transpose\")\n","print(e.T)"],"metadata":{"colab":{"base_uri":"https://localhost:8080/"},"id":"HKdyJQLYrIll","executionInfo":{"status":"ok","timestamp":1762005028603,"user_tz":-480,"elapsed":16,"user":{"displayName":"NUR ALYA NATASYA MOHAMAD JAFFRY","userId":"02429966414406110717"}},"outputId":"c0b69d4c-5e50-4a96-9bfc-dcc9d2cc12e7"},"execution_count":15,"outputs":[{"output_type":"stream","name":"stdout","text":["[[0.39154147 0.7823554  0.28812962]\n"," [0.514421   0.85955208 0.50556892]\n"," [0.91569956 0.97892412 0.33745158]\n"," [0.50637885 0.08291651 0.09443525]\n"," [0.71317279 0.28661425 0.33533612]\n"," [0.44815302 0.89514804 0.12294002]]\n","After transpose\n","[[0.39154147 0.514421   0.91569956 0.50637885 0.71317279 0.44815302]\n"," [0.7823554  0.85955208 0.97892412 0.08291651 0.28661425 0.89514804]\n"," [0.28812962 0.50556892 0.33745158 0.09443525 0.33533612 0.12294002]]\n"]}]},{"cell_type":"code","source":["#Create two random numpy array of size n x p and p x m and then compute the dot product\n","f=np.random.rand(3,2)\n","g=np.random.rand(2,1)\n","\n","print(\"This is F\")\n","print(f)\n","print(\"This is G\")\n","print(g)\n","\n","print(\"Dot product\")\n","print(np.dot(f,g))"],"metadata":{"colab":{"base_uri":"https://localhost:8080/"},"id":"lnKb-Rf-rNyj","executionInfo":{"status":"ok","timestamp":1762005152071,"user_tz":-480,"elapsed":8,"user":{"displayName":"NUR ALYA NATASYA MOHAMAD JAFFRY","userId":"02429966414406110717"}},"outputId":"f5bb5a8f-fb38-4232-d84b-35b9e3efc883"},"execution_count":20,"outputs":[{"output_type":"stream","name":"stdout","text":["This is F\n","[[0.15581799 0.69243453]\n"," [0.96298508 0.7728811 ]\n"," [0.14009651 0.80381901]]\n","This is G\n","[[0.37339337]\n"," [0.39534111]]\n","Dot product\n","[[0.33192924]\n"," [0.66512391]\n"," [0.37009381]]\n"]}]}]}